################################################################################
# Neural network connection values (weights and biases).
################################################################################
# Col  Name       Description
################################################################################
# 1    connection Neural network connection value.
# 2    t          Connection type (a = weight, b = bias).
# 3    index      Index enumerating weights.
# 4    l_s        Starting point layer (end point layer for biases).
# 5    n_s        Starting point neuron in starting layer (end point neuron for biases).
# 6    l_e        End point layer.
# 7    n_e        End point neuron in end layer.
################################################################################
#                      1 2         3     4     5     6     7
#             connection t     index   l_s   n_s   l_e   n_e
############################################################
 -5.1527765892609345E+00 a         1     0     1     1     1
 -2.2410982997832298E+00 a         2     0     1     1     2
  6.1530303446183598E+00 a         3     0     1     1     3
 -3.5349053916646143E+00 a         4     0     1     1     4
 -3.4855213367048279E+00 a         5     0     1     1     5
  2.6887223219507617E-01 a         6     0     1     1     6
 -3.4841682397217089E-01 a         7     0     1     1     7
 -7.4304017610431270E+00 a         8     0     1     1     8
 -1.2916856975923907E+00 a         9     0     1     1     9
  2.4806781481818705E+00 a        10     0     1     1    10
  2.6154643204091704E-01 a        11     0     1     1    11
 -2.7789073496331764E+00 a        12     0     1     1    12
 -5.2115061978990482E+00 a        13     0     1     1    13
 -1.6344811767903389E+00 a        14     0     1     1    14
  7.6107326334002092E+00 a        15     0     1     1    15
 -4.1454330147040819E-01 a        16     0     1     1    16
 -2.9656960145420413E-01 a        17     0     1     1    17
 -1.0140570219205409E+00 a        18     0     1     1    18
 -1.0362357456425040E+00 a        19     0     1     1    19
  5.4344843456881931E-01 a        20     0     1     1    20
  2.7178323271902123E+00 a        21     0     1     1    21
 -3.8878628590229183E+00 a        22     0     1     1    22
  3.4673498386231496E+00 a        23     0     1     1    23
  5.9913597332016426E+00 a        24     0     1     1    24
  1.0974001303306367E+00 a        25     0     1     1    25
 -4.1401971307697533E-01 a        26     0     2     1     1
 -2.6695211698018451E-01 a        27     0     2     1     2
 -1.6257784024516815E+00 a        28     0     2     1     3
  5.9953540066195277E-01 a        29     0     2     1     4
 -9.7683526806090470E-01 a        30     0     2     1     5
  3.9393409332162543E-01 a        31     0     2     1     6
 -1.5008549735623826E+00 a        32     0     2     1     7
 -3.4410201799484237E+00 a        33     0     2     1     8
  1.5177216918559409E+00 a        34     0     2     1     9
 -1.0641602598406559E+00 a        35     0     2     1    10
 -9.8884385057356783E-01 a        36     0     2     1    11
 -3.2312805064552412E+00 a        37     0     2     1    12
 -2.4882110358586548E-01 a        38     0     2     1    13
  1.2002333796707765E+00 a        39     0     2     1    14
  7.7691747465467598E-01 a        40     0     2     1    15
 -3.1033570260414961E-01 a        41     0     2     1    16
  1.3621444620451104E-01 a        42     0     2     1    17
 -1.7977125164018544E+00 a        43     0     2     1    18
 -2.3420476381534905E+00 a        44     0     2     1    19
 -3.5681927496113319E+00 a        45     0     2     1    20
 -3.5578161402083062E+00 a        46     0     2     1    21
  1.7560985907339670E+00 a        47     0     2     1    22
 -2.4934002015700774E-01 a        48     0     2     1    23
 -5.7065486587240493E+00 a        49     0     2     1    24
  3.3439749404732404E+00 a        50     0     2     1    25
  1.8536238057026739E+00 a        51     0     3     1     1
  6.5265765207543280E-01 a        52     0     3     1     2
 -3.7206611226189987E+00 a        53     0     3     1     3
  2.0031512013616979E+00 a        54     0     3     1     4
  2.8483531540704137E+00 a        55     0     3     1     5
 -1.5577088687440084E+00 a        56     0     3     1     6
  1.7999799887717252E+00 a        57     0     3     1     7
  6.0886787552735262E+00 a        58     0     3     1     8
 -1.4389851512777969E+00 a        59     0     3     1     9
 -2.3131565730470457E-01 a        60     0     3     1    10
  1.1908064102961566E+00 a        61     0     3     1    11
  1.0726233364454940E+00 a        62     0     3     1    12
  4.1770933991134296E+00 a        63     0     3     1    13
  1.2916062259396865E+00 a        64     0     3     1    14
 -7.2771839984238618E+00 a        65     0     3     1    15
 -1.8805760233427646E-01 a        66     0     3     1    16
  1.6043467390175861E+00 a        67     0     3     1    17
  2.1901441492925482E+00 a        68     0     3     1    18
  1.9085937380879872E-01 a        69     0     3     1    19
 -1.0138585191485565E+00 a        70     0     3     1    20
 -8.1253718041549283E-01 a        71     0     3     1    21
  4.0334411092823244E+00 a        72     0     3     1    22
 -5.7737636411365345E-01 a        73     0     3     1    23
 -3.1433096405358238E+00 a        74     0     3     1    24
 -1.3037504551917694E+00 a        75     0     3     1    25
  1.7817097902845782E+00 a        76     0     4     1     1
  2.2609990540289893E+00 a        77     0     4     1     2
  7.4031456800329654E-01 a        78     0     4     1     3
 -4.4161900743633609E-01 a        79     0     4     1     4
 -4.0899505552873899E-01 a        80     0     4     1     5
 -1.1124034512216683E+00 a        81     0     4     1     6
 -6.3735674279667767E-03 a        82     0     4     1     7
 -4.6352035498044225E-01 a        83     0     4     1     8
  9.7867915690319207E-01 a        84     0     4     1     9
 -8.1882119316935920E-01 a        85     0     4     1    10
  7.2299177147811944E-01 a        86     0     4     1    11
  1.7727400274203846E+00 a        87     0     4     1    12
 -2.8766318209706759E-01 a        88     0     4     1    13
  2.3534844909467362E-01 a        89     0     4     1    14
 -1.1330798689027559E+00 a        90     0     4     1    15
  1.3699855653585242E+00 a        91     0     4     1    16
  9.7125706962359326E-01 a        92     0     4     1    17
  5.7388920324930648E-01 a        93     0     4     1    18
 -3.8802856114891993E-01 a        94     0     4     1    19
  1.4376532100949533E-03 a        95     0     4     1    20
  1.3291145258076271E+00 a        96     0     4     1    21
 -1.4394499688474696E+00 a        97     0     4     1    22
 -4.8809530354120012E-01 a        98     0     4     1    23
  9.0083247025033075E-01 a        99     0     4     1    24
 -2.5277103205188274E+00 a       100     0     4     1    25
  5.3303066381039219E+00 a       101     0     5     1     1
  3.3795423621836216E+00 a       102     0     5     1     2
 -8.2175071046195836E+00 a       103     0     5     1     3
  4.3959552133561575E+00 a       104     0     5     1     4
  6.4861588623031414E+00 a       105     0     5     1     5
 -9.5065747789031907E-01 a       106     0     5     1     6
  2.3006707846928798E+00 a       107     0     5     1     7
  1.0348005561434881E+01 a       108     0     5     1     8
  8.2010511293520438E-01 a       109     0     5     1     9
 -9.0695216088855390E-01 a       110     0     5     1    10
 -5.9518734634629200E-01 a       111     0     5     1    11
  3.7739124281085350E+00 a       112     0     5     1    12
  8.0312215397416757E+00 a       113     0     5     1    13
  2.5070115886801649E+00 a       114     0     5     1    14
 -1.1168607349952072E+01 a       115     0     5     1    15
  1.6183134044395037E-01 a       116     0     5     1    16
  2.8581125473860283E+00 a       117     0     5     1    17
  2.4329539784512058E+00 a       118     0     5     1    18
  8.3970744022597432E-01 a       119     0     5     1    19
 -9.6386775440012162E-01 a       120     0     5     1    20
 -3.7699998212233790E+00 a       121     0     5     1    21
  5.1643528985588416E+00 a       122     0     5     1    22
 -4.7946364197033864E+00 a       123     0     5     1    23
 -7.0848648904789640E+00 a       124     0     5     1    24
 -2.7314779624892611E+00 a       125     0     5     1    25
  2.0138812468134368E+00 a       126     0     6     1     1
  1.0541743653141216E+00 a       127     0     6     1     2
  1.8225563122337745E+00 a       128     0     6     1     3
 -5.7505479019554684E-01 a       129     0     6     1     4
  2.1263160586143623E-01 a       130     0     6     1     5
  6.1628352943792826E-02 a       131     0     6     1     6
  1.2155269891047036E+00 a       132     0     6     1     7
  2.6862501706292976E+00 a       133     0     6     1     8
 -3.5097091205731357E-01 a       134     0     6     1     9
 -1.1400683306452244E+00 a       135     0     6     1    10
  1.4236151653354756E+00 a       136     0     6     1    11
  2.7187531366589885E+00 a       137     0     6     1    12
 -7.4638578474457185E-01 a       138     0     6     1    13
 -1.2305045566343586E+00 a       139     0     6     1    14
 -1.0774184618622336E+00 a       140     0     6     1    15
  1.2292794316796316E+00 a       141     0     6     1    16
  7.3505734979014448E-01 a       142     0     6     1    17
  2.2297499676825687E+00 a       143     0     6     1    18
  1.4669069720096601E+00 a       144     0     6     1    19
  3.3976466943218302E+00 a       145     0     6     1    20
  4.1943904317775473E+00 a       146     0     6     1    21
 -1.5326534585276426E+00 a       147     0     6     1    22
  6.1043502421074036E-01 a       148     0     6     1    23
  5.3132429167951560E+00 a       149     0     6     1    24
 -4.2495191666247276E+00 a       150     0     6     1    25
 -3.1430970457277296E+00 a       151     0     7     1     1
 -3.5863891025471752E+00 a       152     0     7     1     2
  7.9544032363392194E+00 a       153     0     7     1     3
 -1.6850959853739620E+00 a       154     0     7     1     4
 -6.5983690217892788E+00 a       155     0     7     1     5
  4.9994218613632739E+00 a       156     0     7     1     6
 -5.5567275605410797E+00 a       157     0     7     1     7
 -1.0362068207923947E+01 a       158     0     7     1     8
  3.4674638414876067E+00 a       159     0     7     1     9
  7.2654338490414350E-01 a       160     0     7     1    10
 -4.1272701775760936E+00 a       161     0     7     1    11
 -1.6155910434642677E+00 a       162     0     7     1    12
 -6.2465626473935769E+00 a       163     0     7     1    13
 -3.0149622013613753E+00 a       164     0     7     1    14
  1.5840603478045024E+01 a       165     0     7     1    15
  9.7220704797922863E-01 a       166     0     7     1    16
  1.3804126250007438E+00 a       167     0     7     1    17
 -6.6980953204575879E+00 a       168     0     7     1    18
  6.9833650316929297E-01 a       169     0     7     1    19
  4.6429271620534065E+00 a       170     0     7     1    20
  3.9834399797452619E-01 a       171     0     7     1    21
 -7.8931668561712511E+00 a       172     0     7     1    22
  4.7982080608072059E-01 a       173     0     7     1    23
  7.8424143987126671E+00 a       174     0     7     1    24
  5.8474458164343988E+00 a       175     0     7     1    25
 -3.0391094914403500E+00 a       176     0     8     1     1
 -1.7826743416897917E+00 a       177     0     8     1     2
 -1.1262614469737085E-01 a       178     0     8     1     3
  2.2484409359965438E+00 a       179     0     8     1     4
  3.3498172186389197E-01 a       180     0     8     1     5
  2.6939657032458704E+00 a       181     0     8     1     6
 -2.6969199694277973E-01 a       182     0     8     1     7
  1.5294970128174219E+00 a       183     0     8     1     8
 -2.2600091962391895E+00 a       184     0     8     1     9
  7.3803883341959131E-01 a       185     0     8     1    10
  3.0702000982493777E-01 a       186     0     8     1    11
 -2.2411424854287594E+00 a       187     0     8     1    12
  7.2588849061998728E-01 a       188     0     8     1    13
 -1.0670794911870616E+00 a       189     0     8     1    14
  1.6324541386678160E+00 a       190     0     8     1    15
 -2.2531167763230551E+00 a       191     0     8     1    16
 -2.6328623381334321E-01 a       192     0     8     1    17
 -5.5318678050147796E-01 a       193     0     8     1    18
  1.3219795035719271E+00 a       194     0     8     1    19
  9.9172946516550975E-01 a       195     0     8     1    20
 -1.2686866947147766E+00 a       196     0     8     1    21
  1.0466057617936586E+00 a       197     0     8     1    22
  1.5058019248156664E+00 a       198     0     8     1    23
 -2.9625803872388934E-01 a       199     0     8     1    24
  2.8761824188147815E+00 a       200     0     8     1    25
 -4.4514085475654621E+00 a       201     0     9     1     1
 -3.8153170840493114E+00 a       202     0     9     1     2
  3.8818956295581848E+00 a       203     0     9     1     3
  2.0415192237554125E+00 a       204     0     9     1     4
 -1.5313063844934725E+00 a       205     0     9     1     5
  4.7662870450541730E+00 a       206     0     9     1     6
 -8.6713519128544583E+00 a       207     0     9     1     7
 -2.7880763076957114E+00 a       208     0     9     1     8
  3.3615801748588852E+00 a       209     0     9     1     9
  7.6239389949595828E-04 a       210     0     9     1    10
 -2.0418031457840464E+00 a       211     0     9     1    11
  8.6849548759236161E-01 a       212     0     9     1    12
 -1.7508522297197264E+00 a       213     0     9     1    13
 -2.3290326638341075E+00 a       214     0     9     1    14
 -4.8892197100099660E-01 a       215     0     9     1    15
 -9.5477083017563480E-01 a       216     0     9     1    16
 -2.4129833364903130E+00 a       217     0     9     1    17
 -4.0352589484766499E+00 a       218     0     9     1    18
  2.4174039290930854E-01 a       219     0     9     1    19
  4.4806273938066079E+00 a       220     0     9     1    20
 -3.9753333993651702E-01 a       221     0     9     1    21
 -5.8392134423791164E+00 a       222     0     9     1    22
 -1.9079458856540037E+00 a       223     0     9     1    23
  1.0990139767572662E+00 a       224     0     9     1    24
 -1.6688004916038905E+00 a       225     0     9     1    25
  9.2224975121429720E-01 a       226     0    10     1     1
  3.0013110674991816E+00 a       227     0    10     1     2
  2.3319355179222234E+00 a       228     0    10     1     3
 -1.2407527183751872E+00 a       229     0    10     1     4
 -3.7936584335761112E+00 a       230     0    10     1     5
  1.0620661173244361E+00 a       231     0    10     1     6
 -2.4381783767793337E+00 a       232     0    10     1     7
  9.9235906302569232E-01 a       233     0    10     1     8
 -5.1635986123858169E-01 a       234     0    10     1     9
 -1.6057202965619839E+00 a       235     0    10     1    10
 -2.2199309677829987E-01 a       236     0    10     1    11
  1.6647353165389229E+00 a       237     0    10     1    12
 -2.4281404172313450E-01 a       238     0    10     1    13
 -1.9822528903893464E+00 a       239     0    10     1    14
 -1.1635887981475634E+00 a       240     0    10     1    15
  2.1877652774793419E+00 a       241     0    10     1    16
 -9.7560636489089358E-01 a       242     0    10     1    17
 -4.5337671743043506E-01 a       243     0    10     1    18
  5.2034250060316656E-01 a       244     0    10     1    19
  1.6025577527781549E+00 a       245     0    10     1    20
  6.7506708777424711E+00 a       246     0    10     1    21
 -1.4976204523306536E+00 a       247     0    10     1    22
  2.4594929855260341E+00 a       248     0    10     1    23
 -3.9483070823663602E-01 a       249     0    10     1    24
 -5.8147236404603433E+00 a       250     0    10     1    25
  3.6146044123986414E+00 a       251     0    11     1     1
  5.8328212849721839E-01 a       252     0    11     1     2
 -5.7145270896912761E+00 a       253     0    11     1     3
 -1.1938124090442537E+00 a       254     0    11     1     4
  1.4905211594937573E+00 a       255     0    11     1     5
 -7.1527094974432464E+00 a       256     0    11     1     6
  9.3435277130094683E+00 a       257     0    11     1     7
  5.0212791595232478E+00 a       258     0    11     1     8
 -3.9860562550760621E+00 a       259     0    11     1     9
  2.1978658827868456E+00 a       260     0    11     1    10
  5.0141082315605825E+00 a       261     0    11     1    11
  1.1525308959311251E+00 a       262     0    11     1    12
  1.3628209743563930E+00 a       263     0    11     1    13
  2.8405199805008285E+00 a       264     0    11     1    14
 -5.3534208675384507E+00 a       265     0    11     1    15
  8.4765317338548293E-02 a       266     0    11     1    16
 -1.5829123820676194E+00 a       267     0    11     1    17
  6.1989461696568773E+00 a       268     0    11     1    18
 -1.2963724882095982E+00 a       269     0    11     1    19
 -5.6843905160582180E+00 a       270     0    11     1    20
  2.0861790624156580E+00 a       271     0    11     1    21
  4.6644265891116703E+00 a       272     0    11     1    22
  3.5223964346704806E+00 a       273     0    11     1    23
 -4.7805833560644375E+00 a       274     0    11     1    24
 -2.4280246932706149E+00 a       275     0    11     1    25
 -1.7709484842729677E+00 a       276     0    12     1     1
 -3.0986292368457846E-01 a       277     0    12     1     2
 -2.1571497947502620E+00 a       278     0    12     1     3
 -1.7992571585974837E+00 a       279     0    12     1     4
  1.4446928866017370E+00 a       280     0    12     1     5
 -3.5413582757215036E+00 a       281     0    12     1     6
  1.8953968205712008E+00 a       282     0    12     1     7
 -2.7788833519841867E+00 a       283     0    12     1     8
 -1.1309209517012983E-01 a       284     0    12     1     9
  1.7704157694979108E+00 a       285     0    12     1    10
 -1.0468617517353718E+00 a       286     0    12     1    11
 -1.5101957894885412E-01 a       287     0    12     1    12
  9.3903164336147882E-01 a       288     0    12     1    13
  1.5575167536294079E+00 a       289     0    12     1    14
  6.4295954914313758E-01 a       290     0    12     1    15
 -1.8119044255739891E+00 a       291     0    12     1    16
 -1.2117142695460841E+00 a       292     0    12     1    17
  4.6786879319622632E-01 a       293     0    12     1    18
 -1.0943105987802366E+00 a       294     0    12     1    19
 -2.7089373727633985E+00 a       295     0    12     1    20
 -4.2858963007282380E+00 a       296     0    12     1    21
  2.3900254620346186E+00 a       297     0    12     1    22
 -3.2585089093224839E+00 a       298     0    12     1    23
 -2.3234121521099587E+00 a       299     0    12     1    24
  2.7331645136594509E+00 a       300     0    12     1    25
  3.3574917220465328E+00 a       301     0    13     1     1
  1.2355129566325376E+00 a       302     0    13     1     2
 -2.8209357650577176E+00 a       303     0    13     1     3
 -1.8801508878531931E-01 a       304     0    13     1     4
 -2.5766616996853703E-01 a       305     0    13     1     5
 -1.2356164799861875E+00 a       306     0    13     1     6
  9.3635340435456216E-01 a       307     0    13     1     7
  1.4007786295499716E+00 a       308     0    13     1     8
 -1.5011518667401786E+00 a       309     0    13     1     9
 -1.2838592473453975E-01 a       310     0    13     1    10
  2.2555779329512887E-01 a       311     0    13     1    11
  2.5502164519506276E-01 a       312     0    13     1    12
 -1.1687522206499222E-01 a       313     0    13     1    13
  8.4096371955585858E-01 a       314     0    13     1    14
  2.3140241860666710E-01 a       315     0    13     1    15
  2.4575857105072071E-01 a       316     0    13     1    16
  1.1745901056460686E+00 a       317     0    13     1    17
  1.2258386610189170E-01 a       318     0    13     1    18
  1.4545151647940854E-01 a       319     0    13     1    19
 -1.1989020479393098E+00 a       320     0    13     1    20
 -9.0640071972717040E-01 a       321     0    13     1    21
  2.2505300751969051E+00 a       322     0    13     1    22
  3.0825073511214267E-02 a       323     0    13     1    23
  4.7235502847711025E-01 a       324     0    13     1    24
 -6.1159648849174708E-01 a       325     0    13     1    25
  8.4223449013465967E-01 a       326     0    14     1     1
 -3.1753223442372587E+00 a       327     0    14     1     2
 -1.5891221558972781E+00 a       328     0    14     1     3
 -2.9206589697291552E-01 a       329     0    14     1     4
  2.1474477588158654E+00 a       330     0    14     1     5
  1.4024201218107029E+00 a       331     0    14     1     6
  3.4079536907111146E-01 a       332     0    14     1     7
 -7.4049432651143399E-01 a       333     0    14     1     8
 -2.1322202503398811E+00 a       334     0    14     1     9
 -1.0815214799552515E+00 a       335     0    14     1    10
  7.4062715435969151E-01 a       336     0    14     1    11
 -6.1652637378744868E-01 a       337     0    14     1    12
 -1.0324151175740419E+00 a       338     0    14     1    13
  9.0559327046680493E-01 a       339     0    14     1    14
  5.9958943231205009E-01 a       340     0    14     1    15
 -1.4928373748962562E+00 a       341     0    14     1    16
 -1.3829185908394845E+00 a       342     0    14     1    17
  4.3551057269340182E-01 a       343     0    14     1    18
  4.6653984136447552E-01 a       344     0    14     1    19
 -6.0889328089578709E-01 a       345     0    14     1    20
 -4.6437369461835853E+00 a       346     0    14     1    21
  2.0198088263253964E+00 a       347     0    14     1    22
 -2.7470830852723114E+00 a       348     0    14     1    23
  5.0474926189080438E-01 a       349     0    14     1    24
  1.6345243729672478E+00 a       350     0    14     1    25
 -3.3950278780936083E-01 a       351     0    15     1     1
  4.2378437691399057E-01 a       352     0    15     1     2
  1.0137544704029835E+00 a       353     0    15     1     3
 -6.9032634597221032E-02 a       354     0    15     1     4
 -1.0048689301507896E+00 a       355     0    15     1     5
 -1.0274387316926084E+00 a       356     0    15     1     6
 -4.2424358977792981E-01 a       357     0    15     1     7
  1.9395605219907625E-01 a       358     0    15     1     8
  6.7690573251258368E-01 a       359     0    15     1     9
  9.6959463141229474E-01 a       360     0    15     1    10
 -2.6675880011656711E-01 a       361     0    15     1    11
  4.3726232036259177E-01 a       362     0    15     1    12
  1.7049854182592661E+00 a       363     0    15     1    13
 -2.8418332362237075E-01 a       364     0    15     1    14
 -8.4787976174360813E-01 a       365     0    15     1    15
  1.5917627498385678E-01 a       366     0    15     1    16
  5.6002681874439253E-01 a       367     0    15     1    17
 -7.2692294705439642E-01 a       368     0    15     1    18
 -7.6551347477816767E-01 a       369     0    15     1    19
  6.7507413806068950E-01 a       370     0    15     1    20
  1.3379814708121547E+00 a       371     0    15     1    21
 -7.7274635989250762E-01 a       372     0    15     1    22
  1.1803176119513596E+00 a       373     0    15     1    23
 -1.9807847358976916E-01 a       374     0    15     1    24
  7.8687064871706591E-01 a       375     0    15     1    25
 -3.6104436989976743E-02 a       376     0    16     1     1
  7.9004674676618747E-01 a       377     0    16     1     2
  6.7030270915917803E-02 a       378     0    16     1     3
  1.9143555553851296E-01 a       379     0    16     1     4
 -6.0726108083682083E-02 a       380     0    16     1     5
  9.4571273822563262E-01 a       381     0    16     1     6
  1.4226627560445529E-01 a       382     0    16     1     7
 -3.7604683077835910E-01 a       383     0    16     1     8
  4.5936841516855259E-01 a       384     0    16     1     9
 -4.4914641144074169E-01 a       385     0    16     1    10
  2.7045098382308652E-01 a       386     0    16     1    11
  4.4435102699255979E-01 a       387     0    16     1    12
  1.7028996345123459E-01 a       388     0    16     1    13
 -3.7528108930059902E-02 a       389     0    16     1    14
 -9.7516067805734102E-02 a       390     0    16     1    15
  4.6833453225842542E-01 a       391     0    16     1    16
 -3.0558920081648644E-01 a       392     0    16     1    17
 -7.7558783491405481E-01 a       393     0    16     1    18
 -1.2856405238447180E-01 a       394     0    16     1    19
  8.0505445447222906E-02 a       395     0    16     1    20
 -3.3992607715340917E-01 a       396     0    16     1    21
  6.7293944006895201E-01 a       397     0    16     1    22
  7.0022526802828766E-01 a       398     0    16     1    23
 -7.6475678984781983E-02 a       399     0    16     1    24
  2.7622923127333273E-02 a       400     0    16     1    25
 -4.2595932203607251E-01 a       401     0    17     1     1
 -8.2927444481028800E-01 a       402     0    17     1     2
 -7.5733549512631126E-01 a       403     0    17     1     3
  5.6136477078321878E-01 a       404     0    17     1     4
 -2.3334237203547500E-01 a       405     0    17     1     5
 -3.1699805886969933E-02 a       406     0    17     1     6
  5.9875166815427716E-01 a       407     0    17     1     7
  8.4045294980480589E-01 a       408     0    17     1     8
 -2.2816872779396349E-01 a       409     0    17     1     9
  2.5711989252533272E+00 a       410     0    17     1    10
 -1.1835999174966094E+00 a       411     0    17     1    11
  9.4164352829839570E-01 a       412     0    17     1    12
  9.2763174433201673E-02 a       413     0    17     1    13
  8.3025845228192197E-01 a       414     0    17     1    14
  5.9258045302788542E-01 a       415     0    17     1    15
 -1.0532285348465573E+00 a       416     0    17     1    16
  6.9022015346500643E-01 a       417     0    17     1    17
  7.2221622491828807E-01 a       418     0    17     1    18
 -8.3800271992113051E-01 a       419     0    17     1    19
  9.8331933054659404E-01 a       420     0    17     1    20
  2.4599928431623352E-01 a       421     0    17     1    21
 -2.4796346605800307E-01 a       422     0    17     1    22
 -1.1179533565988198E+00 a       423     0    17     1    23
 -1.3840750197452181E-01 a       424     0    17     1    24
  1.3013205034018855E+00 a       425     0    17     1    25
  1.4045990553399716E+00 a       426     0    18     1     1
  1.7803904987637287E-01 a       427     0    18     1     2
  5.9353140638386237E-01 a       428     0    18     1     3
 -1.4050758926887497E+00 a       429     0    18     1     4
  1.3467330828134707E+00 a       430     0    18     1     5
 -3.8262287496803167E-02 a       431     0    18     1     6
  1.7108331578754090E+00 a       432     0    18     1     7
 -2.4848286959768866E+00 a       433     0    18     1     8
 -5.1161559519626278E+00 a       434     0    18     1     9
  9.3392232361334016E-01 a       435     0    18     1    10
 -4.3684996573851942E-01 a       436     0    18     1    11
  3.2447565397189155E+00 a       437     0    18     1    12
 -1.7433389218248290E+00 a       438     0    18     1    13
  1.7562942740749682E-01 a       439     0    18     1    14
  2.4453932781002279E+00 a       440     0    18     1    15
 -2.0447722905860161E-01 a       441     0    18     1    16
 -1.1383145562694172E+00 a       442     0    18     1    17
  2.1101543338908266E-01 a       443     0    18     1    18
 -1.2832493575916752E+00 a       444     0    18     1    19
  4.1321929679434949E-01 a       445     0    18     1    20
  2.0241297012936665E+00 a       446     0    18     1    21
 -8.6480109875895850E-01 a       447     0    18     1    22
 -2.4809217555962113E+00 a       448     0    18     1    23
  2.4612536673680090E+00 a       449     0    18     1    24
 -5.0688931933728192E+00 a       450     0    18     1    25
 -8.9625838350263776E-03 a       451     0    19     1     1
  4.8433130920854564E-02 a       452     0    19     1     2
 -3.0599111038330973E+00 a       453     0    19     1     3
  5.3557482565478098E-01 a       454     0    19     1     4
 -2.1418496925784469E-01 a       455     0    19     1     5
 -1.0981181407158376E+00 a       456     0    19     1     6
  2.1766695192850665E+00 a       457     0    19     1     7
  1.4660986370865594E+00 a       458     0    19     1     8
 -1.4087801049845885E+00 a       459     0    19     1     9
 -1.6216204753744856E+00 a       460     0    19     1    10
  1.3367385813791779E+00 a       461     0    19     1    11
 -6.9951159695112219E-01 a       462     0    19     1    12
 -1.8071343435896630E+00 a       463     0    19     1    13
 -1.3449803621105366E-01 a       464     0    19     1    14
  1.7684181304199362E+00 a       465     0    19     1    15
 -6.2139690044742069E-01 a       466     0    19     1    16
 -4.1386048820437731E+00 a       467     0    19     1    17
 -2.0223410629575209E+00 a       468     0    19     1    18
  1.3900244320650368E+00 a       469     0    19     1    19
  2.4414911356574116E+00 a       470     0    19     1    20
  2.4299897178500127E+00 a       471     0    19     1    21
  6.9391632928804214E-01 a       472     0    19     1    22
 -8.5171608002033994E-01 a       473     0    19     1    23
  5.8295535215453587E-01 a       474     0    19     1    24
 -8.0251960695074698E-01 a       475     0    19     1    25
  1.3591522875436493E+00 a       476     0    20     1     1
  7.4787674363466938E-01 a       477     0    20     1     2
  2.2976265713856288E+00 a       478     0    20     1     3
 -2.8619280091760668E+00 a       479     0    20     1     4
  2.4500884362550379E+00 a       480     0    20     1     5
 -2.6355581981075343E-01 a       481     0    20     1     6
  1.8195487133883889E-01 a       482     0    20     1     7
 -2.2277686113898514E+00 a       483     0    20     1     8
 -2.5093390778507088E+00 a       484     0    20     1     9
  9.7572942801880580E-01 a       485     0    20     1    10
 -1.7399257133305484E+00 a       486     0    20     1    11
  6.5042259593696183E-01 a       487     0    20     1    12
  5.4524763836012768E-01 a       488     0    20     1    13
  2.5745821482767900E-01 a       489     0    20     1    14
 -1.6866554531650413E-01 a       490     0    20     1    15
  5.4063408123257839E-01 a       491     0    20     1    16
  2.3757138847813044E+00 a       492     0    20     1    17
  6.5518748584290343E-01 a       493     0    20     1    18
 -8.7658046025125846E-01 a       494     0    20     1    19
 -1.1562641468751969E+00 a       495     0    20     1    20
 -6.5038503663990554E-01 a       496     0    20     1    21
 -2.7566381012799628E+00 a       497     0    20     1    22
 -8.2404714841450544E-01 a       498     0    20     1    23
  2.5245768002421429E+00 a       499     0    20     1    24
 -2.9540775281720486E+00 a       500     0    20     1    25
  2.7201208775934016E-01 a       501     0    21     1     1
 -3.0081320844847170E-01 a       502     0    21     1     2
 -3.1997548320486806E+00 a       503     0    21     1     3
  3.3198252443521747E-01 a       504     0    21     1     4
 -4.0614483736127838E-01 a       505     0    21     1     5
 -1.8515924773748478E+00 a       506     0    21     1     6
  1.3846843075341921E+00 a       507     0    21     1     7
  2.1689319127960500E+00 a       508     0    21     1     8
  3.3401106246743328E-01 a       509     0    21     1     9
 -2.3319555068092979E+00 a       510     0    21     1    10
  1.2902915075031673E+00 a       511     0    21     1    11
 -2.4078607762649451E+00 a       512     0    21     1    12
 -1.5893803379013813E+00 a       513     0    21     1    13
 -3.9104569855840204E-01 a       514     0    21     1    14
  9.9183599958443991E-01 a       515     0    21     1    15
 -8.8551371537278967E-01 a       516     0    21     1    16
 -3.9363057634504659E+00 a       517     0    21     1    17
 -2.4757312795337914E+00 a       518     0    21     1    18
  1.7724286030065692E+00 a       519     0    21     1    19
  2.6562108955434178E+00 a       520     0    21     1    20
  1.1171795571096867E+00 a       521     0    21     1    21
  9.3091158722564449E-01 a       522     0    21     1    22
  5.0024164287215334E-01 a       523     0    21     1    23
 -2.3854526713115834E-01 a       524     0    21     1    24
  1.5572382786977981E+00 a       525     0    21     1    25
  4.5402016452046146E-01 a       526     0    22     1     1
  2.1669649146639123E+00 a       527     0    22     1     2
 -3.1994173444106511E+00 a       528     0    22     1     3
 -1.2813140165580319E+00 a       529     0    22     1     4
  1.8624313771794458E+00 a       530     0    22     1     5
 -3.2052682165458219E+00 a       531     0    22     1     6
  4.5968520093645593E-01 a       532     0    22     1     7
  2.6860810010646099E+00 a       533     0    22     1     8
  2.6095914617604401E+00 a       534     0    22     1     9
 -6.5090793931014990E-01 a       535     0    22     1    10
 -9.8924703512379308E-01 a       536     0    22     1    11
 -4.4000136387639754E+00 a       537     0    22     1    12
  1.1220058611192212E+00 a       538     0    22     1    13
 -4.5354592618431183E-01 a       539     0    22     1    14
 -2.2676081060012785E+00 a       540     0    22     1    15
 -5.4613670222243260E-01 a       541     0    22     1    16
  1.3585305760028257E+00 a       542     0    22     1    17
 -4.2057371996208834E+00 a       543     0    22     1    18
  4.2428789123802951E-01 a       544     0    22     1    19
  1.9433482740356050E+00 a       545     0    22     1    20
 -1.5644054242005063E+00 a       546     0    22     1    21
 -2.0096657396794004E+00 a       547     0    22     1    22
  7.2507216033481381E-01 a       548     0    22     1    23
  5.5338925182425058E-01 a       549     0    22     1    24
  4.3085595217707287E+00 a       550     0    22     1    25
  1.7538372371064548E-01 a       551     0    23     1     1
 -9.2749084483745539E-02 a       552     0    23     1     2
 -1.1688514790805968E+00 a       553     0    23     1     3
 -7.6521094117762545E-01 a       554     0    23     1     4
 -5.6629352545215450E-01 a       555     0    23     1     5
 -1.4091848174035828E+00 a       556     0    23     1     6
  6.1464071702972622E-01 a       557     0    23     1     7
  1.9350132461022855E+00 a       558     0    23     1     8
  1.5515950323597880E+00 a       559     0    23     1     9
 -3.0229403205181469E+00 a       560     0    23     1    10
  6.8080129392260968E-01 a       561     0    23     1    11
 -2.8517220486567902E+00 a       562     0    23     1    12
 -5.1342047893585907E-01 a       563     0    23     1    13
 -4.5271078316382674E-01 a       564     0    23     1    14
 -3.0047413101970782E-01 a       565     0    23     1    15
 -1.9419176047404469E-02 a       566     0    23     1    16
 -2.6037320588709409E+00 a       567     0    23     1    17
 -9.7363499790020169E-01 a       568     0    23     1    18
  1.6009336778610128E+00 a       569     0    23     1    19
  9.8321489383046534E-01 a       570     0    23     1    20
  2.5247806469915846E-01 a       571     0    23     1    21
  5.8575971552047068E-01 a       572     0    23     1    22
  1.8043114537952190E+00 a       573     0    23     1    23
 -7.0549878252146403E-01 a       574     0    23     1    24
  1.9170452190812679E+00 a       575     0    23     1    25
 -1.1199274245321429E+00 a       576     0    24     1     1
 -1.3924388681723558E+00 a       577     0    24     1     2
  6.3024866386271272E-01 a       578     0    24     1     3
  2.3066876988116154E+00 a       579     0    24     1     4
 -1.5473744645897372E+00 a       580     0    24     1     5
  1.2249100958278103E+00 a       581     0    24     1     6
 -2.1972186213408842E-01 a       582     0    24     1     7
 -1.5948118854525524E+00 a       583     0    24     1     8
 -5.7535869682764307E-01 a       584     0    24     1     9
  4.3815117113692958E-01 a       585     0    24     1    10
  7.2329431626936902E-01 a       586     0    24     1    11
  2.4990492495361094E+00 a       587     0    24     1    12
 -8.7695182567449637E-01 a       588     0    24     1    13
  7.1197529006611548E-01 a       589     0    24     1    14
  1.0969332352915309E+00 a       590     0    24     1    15
  1.1366904257204095E-01 a       591     0    24     1    16
 -6.6381482539972592E-01 a       592     0    24     1    17
  1.5659442436537694E+00 a       593     0    24     1    18
 -4.8796702136381387E-01 a       594     0    24     1    19
 -4.6033486914581184E-01 a       595     0    24     1    20
  1.4709893264039609E+00 a       596     0    24     1    21
  1.3267435803534382E+00 a       597     0    24     1    22
 -4.9777891532492979E-01 a       598     0    24     1    23
 -6.6462854442185693E-01 a       599     0    24     1    24
 -2.2438235428803743E+00 a       600     0    24     1    25
  1.3604295758599876E+00 a       601     0    25     1     1
 -2.0535867484176369E+00 a       602     0    25     1     2
  4.9284836552814708E+00 a       603     0    25     1     3
 -2.1966243090606947E+00 a       604     0    25     1     4
 -8.9697309785520063E-01 a       605     0    25     1     5
  1.5313699658486335E+00 a       606     0    25     1     6
 -1.5327226333527255E+00 a       607     0    25     1     7
 -1.4608024483991870E+00 a       608     0    25     1     8
 -3.8324930331227991E-01 a       609     0    25     1     9
 -1.7486995675832089E+00 a       610     0    25     1    10
  2.7065061667330859E-01 a       611     0    25     1    11
  6.5189723783018638E-01 a       612     0    25     1    12
  3.1559779651602521E-01 a       613     0    25     1    13
 -2.6335267645924265E-01 a       614     0    25     1    14
 -4.2598349576730132E-01 a       615     0    25     1    15
  1.3555752573878301E+00 a       616     0    25     1    16
  7.3862702760564627E-03 a       617     0    25     1    17
  3.9307501822917543E+00 a       618     0    25     1    18
  1.1466909189245185E+00 a       619     0    25     1    19
 -3.1113286539142835E+00 a       620     0    25     1    20
 -3.5013971388355564E-01 a       621     0    25     1    21
 -7.7453784967466230E-02 a       622     0    25     1    22
  1.5038545148772113E+00 a       623     0    25     1    23
  8.6598860266031891E-02 a       624     0    25     1    24
 -1.3827659790383169E+00 a       625     0    25     1    25
  3.3376488037899549E-01 a       626     0    26     1     1
 -2.5805571602053923E+00 a       627     0    26     1     2
  8.5184214294784544E-01 a       628     0    26     1     3
  7.1593718502453871E+00 a       629     0    26     1     4
 -3.9389645911323354E+00 a       630     0    26     1     5
  3.7778046445594411E+00 a       631     0    26     1     6
 -3.7188437387349143E+00 a       632     0    26     1     7
  5.5952770802247747E+00 a       633     0    26     1     8
  5.3977062516353564E+00 a       634     0    26     1     9
 -2.0885473628382960E+00 a       635     0    26     1    10
  2.5556307555712379E+00 a       636     0    26     1    11
 -5.9565171262315353E+00 a       637     0    26     1    12
 -2.2887327327891824E-01 a       638     0    26     1    13
 -1.6000694009408132E+00 a       639     0    26     1    14
 -4.8346150153384810E+00 a       640     0    26     1    15
  6.7401242156215513E-01 a       641     0    26     1    16
 -1.3989012653869330E+00 a       642     0    26     1    17
  4.0887334230673860E+00 a       643     0    26     1    18
  9.4554563011116211E-01 a       644     0    26     1    19
 -3.0978156345260168E+00 a       645     0    26     1    20
 -3.9134167083590796E+00 a       646     0    26     1    21
  7.5173092891727196E+00 a       647     0    26     1    22
  3.3745233107175285E+00 a       648     0    26     1    23
 -7.0617908397247922E+00 a       649     0    26     1    24
  9.4536216551696448E+00 a       650     0    26     1    25
  2.6530158165237134E+00 a       651     0    27     1     1
 -4.3613063090388993E+00 a       652     0    27     1     2
 -5.4033690357767206E-01 a       653     0    27     1     3
  2.3846856933902925E+00 a       654     0    27     1     4
  1.8766201353700712E-01 a       655     0    27     1     5
 -5.5265096916724314E-02 a       656     0    27     1     6
 -3.7382230845150805E-01 a       657     0    27     1     7
  2.6833365943029386E+00 a       658     0    27     1     8
  1.8506080748469500E+00 a       659     0    27     1     9
  2.7691444978649353E+00 a       660     0    27     1    10
 -1.0482882853338707E-01 a       661     0    27     1    11
  3.2006535511481471E-01 a       662     0    27     1    12
 -1.7264463047718084E+00 a       663     0    27     1    13
  7.9102082100989679E-01 a       664     0    27     1    14
  9.7348621759783116E-01 a       665     0    27     1    15
 -9.8559649418632500E-01 a       666     0    27     1    16
  4.5005071522343076E+00 a       667     0    27     1    17
  1.9548538949091090E+00 a       668     0    27     1    18
 -1.3546990348488955E-01 a       669     0    27     1    19
  1.3686907824578092E+00 a       670     0    27     1    20
 -1.0796404859272182E+00 a       671     0    27     1    21
 -3.3670135897280091E+00 a       672     0    27     1    22
  8.5111406578909277E-01 a       673     0    27     1    23
  5.9115591122449462E-01 a       674     0    27     1    24
  1.1687111825357925E+00 a       675     0    27     1    25
 -7.0933858890391397E+00 a       676     0    28     1     1
  5.0963481886974149E+00 a       677     0    28     1     2
  3.8170877269957280E+00 a       678     0    28     1     3
 -1.3580484357859590E+00 a       679     0    28     1     4
  4.0885411918320980E+00 a       680     0    28     1     5
  6.9212345732464575E-01 a       681     0    28     1     6
 -8.6438308176525034E+00 a       682     0    28     1     7
 -7.1334976178837985E+00 a       683     0    28     1     8
  2.8463716853507210E+00 a       684     0    28     1     9
  7.3472185062534026E+00 a       685     0    28     1    10
 -4.2012645999112781E+00 a       686     0    28     1    11
  9.2001757183193984E+00 a       687     0    28     1    12
  1.8730456450789297E+00 a       688     0    28     1    13
 -3.0674006506116958E+00 a       689     0    28     1    14
 -2.2803401493390085E+00 a       690     0    28     1    15
  1.6299008399971922E+00 a       691     0    28     1    16
  6.8464291267800981E+00 a       692     0    28     1    17
  1.3873405168532238E+00 a       693     0    28     1    18
 -6.2233077463376212E+00 a       694     0    28     1    19
 -5.4582408564984961E+00 a       695     0    28     1    20
 -3.5463083601397352E+00 a       696     0    28     1    21
 -4.4594066981724287E+00 a       697     0    28     1    22
 -6.0957220306982585E+00 a       698     0    28     1    23
 -1.0443167505526967E+00 a       699     0    28     1    24
 -5.3390882573817784E+00 a       700     0    28     1    25
  1.4684026817120437E+00 a       701     0    29     1     1
  4.6153224508098173E-01 a       702     0    29     1     2
  6.3348544304282994E-01 a       703     0    29     1     3
 -6.1166913251006438E-01 a       704     0    29     1     4
  6.0996662640077880E-02 a       705     0    29     1     5
  6.4003351115561835E-01 a       706     0    29     1     6
  5.1337889536114389E-01 a       707     0    29     1     7
 -1.8910917365906106E+00 a       708     0    29     1     8
  2.2315164083630049E-01 a       709     0    29     1     9
 -7.9544845455929836E-01 a       710     0    29     1    10
  2.2822411012716843E+00 a       711     0    29     1    11
  3.5947575323388381E-01 a       712     0    29     1    12
  9.5541364481144120E-01 a       713     0    29     1    13
  8.2563139817848341E-01 a       714     0    29     1    14
 -1.4082929449636685E+00 a       715     0    29     1    15
  2.2090449589642689E+00 a       716     0    29     1    16
 -7.8052412207309874E-01 a       717     0    29     1    17
 -2.2389568139848133E+00 a       718     0    29     1    18
  7.1236393039674961E-01 a       719     0    29     1    19
 -1.4374714971794562E+00 a       720     0    29     1    20
 -1.2679323516130072E+00 a       721     0    29     1    21
 -1.0200431250358239E+00 a       722     0    29     1    22
  7.1606017654481013E-01 a       723     0    29     1    23
 -7.2331953016743045E-01 a       724     0    29     1    24
 -1.0686620419688637E+00 a       725     0    29     1    25
 -3.0217314378193127E+00 a       726     0    30     1     1
  4.3889452863305438E+00 a       727     0    30     1     2
  4.9549718291087630E-01 a       728     0    30     1     3
 -5.2755915519163530E+00 a       729     0    30     1     4
 -1.8061733421683351E-02 a       730     0    30     1     5
 -2.4796255640271778E+00 a       731     0    30     1     6
  4.3726720820516674E+00 a       732     0    30     1     7
 -4.3648309329692214E+00 a       733     0    30     1     8
  1.7111407367956513E-01 a       734     0    30     1     9
 -1.0665433920917324E+00 a       735     0    30     1    10
 -7.8809770036879756E-01 a       736     0    30     1    11
  3.6517732394395481E+00 a       737     0    30     1    12
  2.3937495590116638E+00 a       738     0    30     1    13
  1.1677127937663994E+00 a       739     0    30     1    14
  2.1225564524907607E+00 a       740     0    30     1    15
  1.8007939978049445E-01 a       741     0    30     1    16
 -2.6761064620162105E+00 a       742     0    30     1    17
 -2.2387339241869162E+00 a       743     0    30     1    18
  8.8707514114245012E-01 a       744     0    30     1    19
  2.1376824714291671E+00 a       745     0    30     1    20
  2.1911575622558326E+00 a       746     0    30     1    21
 -2.6058821096808127E+00 a       747     0    30     1    22
 -1.3477311668192651E+00 a       748     0    30     1    23
  1.8972358226267727E+00 a       749     0    30     1    24
 -8.0057670128350089E-01 a       750     0    30     1    25
  3.2786669880977368E+00 a       751     0    31     1     1
  2.7479289965114495E-01 a       752     0    31     1     2
 -2.0127825021662447E+00 a       753     0    31     1     3
  2.7592155863364010E+00 a       754     0    31     1     4
 -1.2303760740671104E+00 a       755     0    31     1     5
  2.1080227757885561E+00 a       756     0    31     1     6
  3.5052567897355740E+00 a       757     0    31     1     7
  2.4016275694767653E+00 a       758     0    31     1     8
 -4.3274764818679872E+00 a       759     0    31     1     9
 -3.0828518019455089E+00 a       760     0    31     1    10
 -2.4917829298284628E+00 a       761     0    31     1    11
 -8.5595250391856581E+00 a       762     0    31     1    12
  2.6227627348017184E+00 a       763     0    31     1    13
  3.3940953657612409E+00 a       764     0    31     1    14
  8.7211777633054988E-01 a       765     0    31     1    15
 -2.9383142260039734E+00 a       766     0    31     1    16
  3.5894532142120581E+00 a       767     0    31     1    17
 -6.0127341046604832E-01 a       768     0    31     1    18
  1.5980990721674542E+00 a       769     0    31     1    19
  3.9135878123488106E+00 a       770     0    31     1    20
  2.9544155489940360E+00 a       771     0    31     1    21
  8.1361905959900316E+00 a       772     0    31     1    22
  4.3884302012290251E+00 a       773     0    31     1    23
  5.4377159324769710E+00 a       774     0    31     1    24
  2.8889262480505207E+00 a       775     0    31     1    25
 -2.0383313449269109E+00 a       776     0    32     1     1
 -6.0173625910052642E-01 a       777     0    32     1     2
  1.3046639636301680E+00 a       778     0    32     1     3
  7.8759065824027230E-01 a       779     0    32     1     4
  2.2699287038300668E+00 a       780     0    32     1     5
 -6.9107148619706971E-01 a       781     0    32     1     6
 -2.5151063276081154E-01 a       782     0    32     1     7
  6.6549952303577964E-01 a       783     0    32     1     8
  1.7300800883380298E+00 a       784     0    32     1     9
  6.5350640872612242E-01 a       785     0    32     1    10
  1.1549200208620345E+00 a       786     0    32     1    11
  4.9454865068987730E-01 a       787     0    32     1    12
 -1.3425691943332303E+00 a       788     0    32     1    13
 -1.1349803100637328E+00 a       789     0    32     1    14
  1.5432818553590479E+00 a       790     0    32     1    15
  2.2895356584732860E+00 a       791     0    32     1    16
  1.4700369288900188E-02 a       792     0    32     1    17
  1.4692986130357601E+00 a       793     0    32     1    18
 -9.2545639754753284E-01 a       794     0    32     1    19
 -9.2139936869064409E-01 a       795     0    32     1    20
 -4.8887069439183060E-03 a       796     0    32     1    21
 -2.5631171251247467E+00 a       797     0    32     1    22
 -1.2304297623507428E+00 a       798     0    32     1    23
 -1.6967696797140761E+00 a       799     0    32     1    24
  1.4452552874174369E+00 a       800     0    32     1    25
  1.9992250225397346E-01 b       801     1     1
 -1.5263611072861658E-01 b       802     1     2
 -2.3588517506787665E-01 b       803     1     3
 -1.7653725993089731E-01 b       804     1     4
 -2.1244701939937854E-01 b       805     1     5
  5.7272719548410018E-02 b       806     1     6
  1.7608705746322104E-01 b       807     1     7
  2.4102004398406285E-01 b       808     1     8
 -6.9429421830811550E-02 b       809     1     9
 -7.7981278026832232E-02 b       810     1    10
  7.5591846592727746E-02 b       811     1    11
 -2.6255555840536182E-01 b       812     1    12
 -4.9309760390738344E-01 b       813     1    13
  8.7954315153856072E-02 b       814     1    14
  1.3593347231025327E-01 b       815     1    15
 -4.8551361023770961E-01 b       816     1    16
 -1.0887571036718066E-01 b       817     1    17
 -2.6329449257427068E-01 b       818     1    18
  2.0828317420087322E-01 b       819     1    19
 -3.5629266905105883E-01 b       820     1    20
  2.9337117423112474E-01 b       821     1    21
  1.9015484554338555E-01 b       822     1    22
  7.6400813147738800E-01 b       823     1    23
  4.7487427798742786E-02 b       824     1    24
  1.8778227679837564E-01 b       825     1    25
  1.1692384591087204E+00 a       826     1     1     2     1
  1.9822004078673877E-01 a       827     1     1     2     2
 -5.5103974607531170E-01 a       828     1     1     2     3
  9.1361047017512742E-02 a       829     1     1     2     4
  5.3814520799722187E-01 a       830     1     1     2     5
  1.1815950440800822E-01 a       831     1     1     2     6
 -6.1927893723373351E-01 a       832     1     1     2     7
 -6.5762189895752915E-03 a       833     1     1     2     8
  1.5252537122184016E+00 a       834     1     1     2     9
 -6.6225527503057791E-01 a       835     1     1     2    10
 -4.0353516828868741E-01 a       836     1     1     2    11
  9.4530436786876937E-01 a       837     1     1     2    12
  4.1836561116564608E-01 a       838     1     1     2    13
 -2.3386480106456620E-01 a       839     1     1     2    14
 -3.4436614501423723E-01 a       840     1     1     2    15
 -1.6472185443405882E+00 a       841     1     1     2    16
 -7.2436411832149661E-02 a       842     1     1     2    17
  7.8098501309722146E-01 a       843     1     1     2    18
 -1.2713510114233870E+00 a       844     1     1     2    19
  1.0461505526832220E+00 a       845     1     1     2    20
 -1.2470100890536149E+00 a       846     1     1     2    21
  3.3336526796349913E-01 a       847     1     1     2    22
  3.5509338780878053E-01 a       848     1     1     2    23
  2.4910042560993474E-02 a       849     1     1     2    24
 -1.0411288454893952E+00 a       850     1     1     2    25
 -6.6401142654058565E-01 a       851     1     2     2     1
 -2.8175061987612027E-01 a       852     1     2     2     2
  9.9268153737809528E-01 a       853     1     2     2     3
 -1.3915868617072671E-01 a       854     1     2     2     4
  7.3402865664139760E-01 a       855     1     2     2     5
 -1.4432460643451923E+00 a       856     1     2     2     6
  7.6250667411501072E-01 a       857     1     2     2     7
  3.8759765033409432E-01 a       858     1     2     2     8
  9.1920540997278233E-01 a       859     1     2     2     9
 -3.3251155594411258E-01 a       860     1     2     2    10
  1.0552846157654365E+00 a       861     1     2     2    11
  3.2054165030492637E-01 a       862     1     2     2    12
  5.7692259336126794E-01 a       863     1     2     2    13
  2.6082563655170854E-01 a       864     1     2     2    14
  5.5815322105210135E-04 a       865     1     2     2    15
 -2.0308047564979219E+00 a       866     1     2     2    16
 -4.6807846312491269E-01 a       867     1     2     2    17
 -3.0532632125629600E-01 a       868     1     2     2    18
  2.5135233334336801E-02 a       869     1     2     2    19
  1.2679976136559232E+00 a       870     1     2     2    20
  3.4874638555290888E-01 a       871     1     2     2    21
 -1.7620859260458180E-01 a       872     1     2     2    22
  1.3536459597007471E+00 a       873     1     2     2    23
 -1.8276810780213376E-01 a       874     1     2     2    24
  8.7950856267599520E-02 a       875     1     2     2    25
  3.5353285634879134E-01 a       876     1     3     2     1
 -4.7188692507496348E-02 a       877     1     3     2     2
 -1.0745601391053672E+00 a       878     1     3     2     3
 -1.1515346872690808E+00 a       879     1     3     2     4
  7.1710452674637859E-01 a       880     1     3     2     5
  1.9447122361385354E+00 a       881     1     3     2     6
  8.2175579134033772E-01 a       882     1     3     2     7
  7.7552493213348017E-01 a       883     1     3     2     8
  3.4371155941894271E-01 a       884     1     3     2     9
  4.2353688160274938E-01 a       885     1     3     2    10
  9.4945291997297798E-01 a       886     1     3     2    11
 -2.4189717825920631E+00 a       887     1     3     2    12
  8.5939018574188411E-02 a       888     1     3     2    13
  1.1062900444035282E+00 a       889     1     3     2    14
  5.5740010036252841E-01 a       890     1     3     2    15
 -2.5440390231783385E+00 a       891     1     3     2    16
 -2.0449654840014106E-01 a       892     1     3     2    17
  4.9784207607865882E-01 a       893     1     3     2    18
  1.9366335210811947E+00 a       894     1     3     2    19
 -6.7201765476354058E-01 a       895     1     3     2    20
 -1.0149749213715273E+00 a       896     1     3     2    21
 -1.1300906254708259E-01 a       897     1     3     2    22
 -6.1728205469372543E-01 a       898     1     3     2    23
  9.0806556382119852E-01 a       899     1     3     2    24
  1.0723007853294408E-01 a       900     1     3     2    25
  3.0938864378630165E-02 a       901     1     4     2     1
  1.4369951813731192E+00 a       902     1     4     2     2
 -7.9703062862735674E-01 a       903     1     4     2     3
  4.6264190806370048E-01 a       904     1     4     2     4
 -1.0390722727200985E+00 a       905     1     4     2     5
  1.3847146645720076E+00 a       906     1     4     2     6
 -2.3205982545891057E-01 a       907     1     4     2     7
  2.8645988825177671E-01 a       908     1     4     2     8
  2.0961983497043590E+00 a       909     1     4     2     9
  2.0567746819185260E+00 a       910     1     4     2    10
  5.8173871682306859E-02 a       911     1     4     2    11
  2.5018110140771999E-01 a       912     1     4     2    12
 -5.8159141786117996E-01 a       913     1     4     2    13
 -6.7856072130709444E-01 a       914     1     4     2    14
  7.5876054063417575E-01 a       915     1     4     2    15
 -2.2028803933676819E-01 a       916     1     4     2    16
 -7.5454856772078571E-01 a       917     1     4     2    17
  5.6298546399341243E-01 a       918     1     4     2    18
 -6.2635999733614223E-01 a       919     1     4     2    19
  1.0833179575733762E-01 a       920     1     4     2    20
  1.4605216161315724E+00 a       921     1     4     2    21
  3.1008208538952892E-01 a       922     1     4     2    22
 -2.7051894802804333E-01 a       923     1     4     2    23
  7.2622542691655290E-01 a       924     1     4     2    24
 -1.1502109720181797E+00 a       925     1     4     2    25
  9.4477158373419101E-01 a       926     1     5     2     1
 -2.3407264465422517E-01 a       927     1     5     2     2
  5.9837181003977591E-01 a       928     1     5     2     3
 -6.4030367668353938E-01 a       929     1     5     2     4
 -1.6685642114115933E+00 a       930     1     5     2     5
  3.1208136330466490E-01 a       931     1     5     2     6
 -4.8487848376402470E-01 a       932     1     5     2     7
 -1.7912804985749972E-01 a       933     1     5     2     8
 -2.2935431592196309E+00 a       934     1     5     2     9
  3.7422454266426464E-01 a       935     1     5     2    10
 -6.8475825785289612E-01 a       936     1     5     2    11
 -3.3406303236749629E-01 a       937     1     5     2    12
 -1.1847591726995153E-01 a       938     1     5     2    13
 -9.4617260951632631E-01 a       939     1     5     2    14
 -6.4922857554358959E-01 a       940     1     5     2    15
  6.5241211300000612E-01 a       941     1     5     2    16
  1.0830679492745277E+00 a       942     1     5     2    17
 -2.4903071538112381E-01 a       943     1     5     2    18
 -1.0392217571274920E-01 a       944     1     5     2    19
 -8.7749063909678315E-01 a       945     1     5     2    20
  4.4843021437268249E-01 a       946     1     5     2    21
 -1.1547043646973005E+00 a       947     1     5     2    22
 -1.7399783764057275E+00 a       948     1     5     2    23
  3.0818428882691895E-01 a       949     1     5     2    24
  3.2230034200393129E+00 a       950     1     5     2    25
  3.0332904693194923E-01 a       951     1     6     2     1
  2.6481574243555095E-01 a       952     1     6     2     2
  1.4270367459267719E-01 a       953     1     6     2     3
 -6.9462486707508497E-01 a       954     1     6     2     4
 -1.3492040983842597E+00 a       955     1     6     2     5
  2.8348279545608455E-02 a       956     1     6     2     6
  5.4613841520600026E-01 a       957     1     6     2     7
  7.3239306754540623E-01 a       958     1     6     2     8
  7.1954913364764436E-02 a       959     1     6     2     9
 -4.5950353997836274E-01 a       960     1     6     2    10
 -6.5105597078841415E-01 a       961     1     6     2    11
 -4.4240103548533810E-01 a       962     1     6     2    12
 -1.7747338470809677E+00 a       963     1     6     2    13
 -2.4407220775686070E-01 a       964     1     6     2    14
 -5.2274060678095113E-01 a       965     1     6     2    15
 -6.9946169735501507E-01 a       966     1     6     2    16
  1.7264131903246677E-01 a       967     1     6     2    17
 -2.8198933050783009E-01 a       968     1     6     2    18
  4.1888866039666073E-01 a       969     1     6     2    19
  3.2570265051045860E-01 a       970     1     6     2    20
  1.3099208770646140E+00 a       971     1     6     2    21
 -9.3962963886231077E-01 a       972     1     6     2    22
  1.2324993066206058E+00 a       973     1     6     2    23
 -5.5912980041444893E-01 a       974     1     6     2    24
 -5.7167720759967655E-01 a       975     1     6     2    25
 -6.0462651608858264E-01 a       976     1     7     2     1
 -1.1475040393057664E-01 a       977     1     7     2     2
 -4.3461751500268098E-01 a       978     1     7     2     3
  8.0195225381957203E-01 a       979     1     7     2     4
  8.6769893867342496E-01 a       980     1     7     2     5
  4.7537856644176768E-01 a       981     1     7     2     6
  5.1832131938618176E-01 a       982     1     7     2     7
  5.4016708605949926E-01 a       983     1     7     2     8
 -3.9238378044006685E-02 a       984     1     7     2     9
 -1.7096528793253303E+00 a       985     1     7     2    10
 -6.9207626745474695E-03 a       986     1     7     2    11
  6.3827422540963491E-02 a       987     1     7     2    12
  9.0066179516996137E-01 a       988     1     7     2    13
 -5.9711356503234569E-01 a       989     1     7     2    14
  1.3567306636284138E-01 a       990     1     7     2    15
  5.7269430574308688E-01 a       991     1     7     2    16
  1.4026193666277076E-01 a       992     1     7     2    17
 -8.6058383203223895E-04 a       993     1     7     2    18
 -1.2055976810214586E+00 a       994     1     7     2    19
  4.5020214370036377E-01 a       995     1     7     2    20
 -9.7641996449145896E-01 a       996     1     7     2    21
  1.6002288003633687E+00 a       997     1     7     2    22
  5.2530077144872145E-01 a       998     1     7     2    23
  4.2664583709861048E-01 a       999     1     7     2    24
  1.9513447348448896E+00 a      1000     1     7     2    25
  5.1956760119525369E-01 a      1001     1     8     2     1
  5.4376459064145996E-02 a      1002     1     8     2     2
 -2.9417252896066920E-01 a      1003     1     8     2     3
 -1.4664812937137242E+00 a      1004     1     8     2     4
 -7.8732398932321157E-01 a      1005     1     8     2     5
  6.6391601084120500E-01 a      1006     1     8     2     6
  1.4696062856111454E-03 a      1007     1     8     2     7
  2.6239771836621317E-01 a      1008     1     8     2     8
  2.0654019788647728E+00 a      1009     1     8     2     9
 -4.2864526335031355E-01 a      1010     1     8     2    10
  1.0478010886506879E+00 a      1011     1     8     2    11
  1.0385721868193325E+00 a      1012     1     8     2    12
  7.8196220807311412E-01 a      1013     1     8     2    13
 -1.3570358596844287E+00 a      1014     1     8     2    14
  5.2761202005606989E-01 a      1015     1     8     2    15
 -1.6272427489008421E+00 a      1016     1     8     2    16
 -4.8219344705652606E-01 a      1017     1     8     2    17
  9.2032667597203222E-01 a      1018     1     8     2    18
 -1.6952131610333647E+00 a      1019     1     8     2    19
  1.5444988068533432E+00 a      1020     1     8     2    20
  9.2802692547884458E-01 a      1021     1     8     2    21
 -6.6906814805125991E-01 a      1022     1     8     2    22
 -5.9925095253877270E-01 a      1023     1     8     2    23
  9.0879743535912841E-02 a      1024     1     8     2    24
 -1.3344431857904104E+00 a      1025     1     8     2    25
  1.3527417532764143E+00 a      1026     1     9     2     1
 -1.7000876661344440E+00 a      1027     1     9     2     2
 -7.5996814273726065E-02 a      1028     1     9     2     3
 -4.8954249606587391E-01 a      1029     1     9     2     4
 -2.7422676534720747E-02 a      1030     1     9     2     5
  7.9163820947633368E-01 a      1031     1     9     2     6
  2.0598257233893519E-01 a      1032     1     9     2     7
  2.1017308626292752E-01 a      1033     1     9     2     8
  5.5015089995688472E-02 a      1034     1     9     2     9
  2.2759964541902975E+00 a      1035     1     9     2    10
 -8.8526471869944423E-01 a      1036     1     9     2    11
 -5.6857604255508443E-01 a      1037     1     9     2    12
  1.0365293663954321E-01 a      1038     1     9     2    13
 -1.2265720310519015E+00 a      1039     1     9     2    14
 -3.5289484690766143E-01 a      1040     1     9     2    15
  3.6473441544106483E-01 a      1041     1     9     2    16
  2.7560066494210167E-01 a      1042     1     9     2    17
  4.6486642562427760E-01 a      1043     1     9     2    18
  8.1428193010553718E-01 a      1044     1     9     2    19
 -1.7373006782737979E-01 a      1045     1     9     2    20
  1.2432774137133415E-01 a      1046     1     9     2    21
 -3.4016640993592789E-01 a      1047     1     9     2    22
 -5.6033875076598447E-02 a      1048     1     9     2    23
 -6.7884558659935679E-01 a      1049     1     9     2    24
 -3.3511149350112079E+00 a      1050     1     9     2    25
  1.6848016539615396E+00 a      1051     1    10     2     1
 -1.4631147567543121E-01 a      1052     1    10     2     2
  3.9137207230624138E-01 a      1053     1    10     2     3
 -4.2534535166034254E-01 a      1054     1    10     2     4
 -9.6131250399159138E-02 a      1055     1    10     2     5
 -1.7642957067273926E+00 a      1056     1    10     2     6
  6.1768513293075367E-01 a      1057     1    10     2     7
  1.2380327210023923E-01 a      1058     1    10     2     8
  1.5986635459733620E+00 a      1059     1    10     2     9
  7.5003775734833952E-02 a      1060     1    10     2    10
  2.2057690574109406E-01 a      1061     1    10     2    11
  3.7270506144035354E-01 a      1062     1    10     2    12
  2.9618278802969172E-01 a      1063     1    10     2    13
 -1.7414279203483894E-02 a      1064     1    10     2    14
 -6.8865845792084601E-01 a      1065     1    10     2    15
  4.7230411034739184E-01 a      1066     1    10     2    16
 -6.4267175099692209E-01 a      1067     1    10     2    17
 -7.0953303423389638E-02 a      1068     1    10     2    18
  3.9191185449000127E-01 a      1069     1    10     2    19
  5.8466860057892167E-01 a      1070     1    10     2    20
  2.6308979607748600E-01 a      1071     1    10     2    21
 -3.2091113258643755E-01 a      1072     1    10     2    22
  1.1184664219065927E+00 a      1073     1    10     2    23
  2.1381878804750321E-01 a      1074     1    10     2    24
  2.3987687252507288E+00 a      1075     1    10     2    25
 -9.1817909964938160E-02 a      1076     1    11     2     1
 -6.6491245745453731E-01 a      1077     1    11     2     2
 -4.1512323506443033E-01 a      1078     1    11     2     3
  2.8744229646804481E-01 a      1079     1    11     2     4
 -7.6460753218318234E-01 a      1080     1    11     2     5
  6.1221237348590855E-02 a      1081     1    11     2     6
 -3.6925723180601072E-01 a      1082     1    11     2     7
  8.5229987901845183E-01 a      1083     1    11     2     8
 -9.0828539389887641E-01 a      1084     1    11     2     9
 -1.8065458504531545E-01 a      1085     1    11     2    10
  3.7337882524018795E-01 a      1086     1    11     2    11
  5.6144486172421160E-01 a      1087     1    11     2    12
  5.5619047669159638E-01 a      1088     1    11     2    13
  5.1282087278376597E-02 a      1089     1    11     2    14
  1.3652628422675595E-01 a      1090     1    11     2    15
 -1.1840249743419426E+00 a      1091     1    11     2    16
 -1.2373583899462898E-01 a      1092     1    11     2    17
  4.2030436636093521E-01 a      1093     1    11     2    18
 -6.9805952962389983E-01 a      1094     1    11     2    19
 -1.2036433769348465E-01 a      1095     1    11     2    20
 -8.0301259465394215E-01 a      1096     1    11     2    21
 -3.9789962472143914E-01 a      1097     1    11     2    22
 -2.4243466133607228E-01 a      1098     1    11     2    23
  5.4442700293185697E-01 a      1099     1    11     2    24
  2.1603154763034435E-01 a      1100     1    11     2    25
  3.9859807841053468E-01 a      1101     1    12     2     1
 -1.4656595851179794E+00 a      1102     1    12     2     2
 -4.9225950237107574E-02 a      1103     1    12     2     3
  1.1754804938801508E-01 a      1104     1    12     2     4
  7.9198915109700185E-01 a      1105     1    12     2     5
  2.6273229187806786E+00 a      1106     1    12     2     6
 -2.0277582033432731E-01 a      1107     1    12     2     7
 -2.3580269176837657E-02 a      1108     1    12     2     8
 -1.0508045697832165E-01 a      1109     1    12     2     9
  2.9320433448022781E-01 a      1110     1    12     2    10
  1.3698753502456584E-01 a      1111     1    12     2    11
 -8.4446093721989657E-01 a      1112     1    12     2    12
  4.0934714733077271E-01 a      1113     1    12     2    13
 -8.2465643732522447E-03 a      1114     1    12     2    14
 -3.7582800638549095E-02 a      1115     1    12     2    15
 -1.1895501038854581E+00 a      1116     1    12     2    16
  7.3303513620515168E-02 a      1117     1    12     2    17
  5.0662002142425966E-01 a      1118     1    12     2    18
  8.8032706975720421E-01 a      1119     1    12     2    19
 -1.3469651861315233E+00 a      1120     1    12     2    20
 -4.7310149075487973E-02 a      1121     1    12     2    21
 -5.3947775190756886E-01 a      1122     1    12     2    22
 -3.1642670361837055E-01 a      1123     1    12     2    23
  6.2480140624473124E-01 a      1124     1    12     2    24
  2.5649822579992549E+00 a      1125     1    12     2    25
  1.0824586764269388E+00 a      1126     1    13     2     1
  1.6481675032509030E-01 a      1127     1    13     2     2
  6.5248881916228119E-01 a      1128     1    13     2     3
 -2.4985529509552176E-01 a      1129     1    13     2     4
 -1.5125345119789522E+00 a      1130     1    13     2     5
 -7.3768461904339799E-01 a      1131     1    13     2     6
 -9.9157499683997052E-01 a      1132     1    13     2     7
 -4.7517644593848146E-01 a      1133     1    13     2     8
 -3.1721581656188153E-01 a      1134     1    13     2     9
  1.6445129519006363E+00 a      1135     1    13     2    10
 -2.3629492965962168E-01 a      1136     1    13     2    11
  1.2284542309432978E+00 a      1137     1    13     2    12
 -6.0787260836837186E-02 a      1138     1    13     2    13
 -1.0288921781562210E+00 a      1139     1    13     2    14
  7.9394762551631304E-01 a      1140     1    13     2    15
  1.0270222631612640E+00 a      1141     1    13     2    16
  1.9808271671603384E-01 a      1142     1    13     2    17
  5.2020354206211084E-01 a      1143     1    13     2    18
 -1.0192519915279492E+00 a      1144     1    13     2    19
  7.6950749609761193E-01 a      1145     1    13     2    20
  1.2241752703255838E-01 a      1146     1    13     2    21
 -5.0585950763033749E-01 a      1147     1    13     2    22
  6.3581189573707661E-02 a      1148     1    13     2    23
  2.2891729527117075E-01 a      1149     1    13     2    24
 -5.6653931725649387E-01 a      1150     1    13     2    25
 -1.9551054554712080E-02 a      1151     1    14     2     1
  2.3378530763500738E-01 a      1152     1    14     2     2
 -5.0810100388731426E-02 a      1153     1    14     2     3
 -8.4656787137026712E-01 a      1154     1    14     2     4
  6.7952653541122909E-01 a      1155     1    14     2     5
  3.3544272072912856E-01 a      1156     1    14     2     6
  3.9087083241770121E-01 a      1157     1    14     2     7
 -5.5676353056781125E-01 a      1158     1    14     2     8
  1.4018918255338675E+00 a      1159     1    14     2     9
 -5.0766085192059518E-01 a      1160     1    14     2    10
  1.5083405070636907E-01 a      1161     1    14     2    11
  8.4245841444949870E-02 a      1162     1    14     2    12
  6.2842989805646443E-01 a      1163     1    14     2    13
 -1.8575347439116599E-01 a      1164     1    14     2    14
  6.7239424914353718E-01 a      1165     1    14     2    15
  2.8847607943331472E+00 a      1166     1    14     2    16
 -1.1680714995242666E-01 a      1167     1    14     2    17
 -5.3822885277220255E-02 a      1168     1    14     2    18
 -6.7386701013590589E-01 a      1169     1    14     2    19
 -5.7415436000113140E-01 a      1170     1    14     2    20
 -8.6605461166954376E-02 a      1171     1    14     2    21
  2.5279269619910810E-01 a      1172     1    14     2    22
 -2.4428164316428472E-01 a      1173     1    14     2    23
  5.5471133019480645E-01 a      1174     1    14     2    24
 -1.6644242980011312E-01 a      1175     1    14     2    25
  8.3251231653162072E-01 a      1176     1    15     2     1
 -7.2261344765377933E-01 a      1177     1    15     2     2
  3.1229786453186309E-01 a      1178     1    15     2     3
 -1.1002854927138284E+00 a      1179     1    15     2     4
  1.5702525036925249E-01 a      1180     1    15     2     5
 -8.3469206835896959E-01 a      1181     1    15     2     6
 -2.9585127681995411E-02 a      1182     1    15     2     7
  8.3487597407333580E-01 a      1183     1    15     2     8
 -3.6727101208575976E+00 a      1184     1    15     2     9
  1.6624547544009494E+00 a      1185     1    15     2    10
  3.5693310189159633E-01 a      1186     1    15     2    11
 -1.6757774974883038E-01 a      1187     1    15     2    12
 -3.9346695973952156E-01 a      1188     1    15     2    13
  1.2923782492523797E+00 a      1189     1    15     2    14
 -8.9366623482381591E-01 a      1190     1    15     2    15
 -5.4490678363428269E-01 a      1191     1    15     2    16
  1.9959498577476667E-01 a      1192     1    15     2    17
 -1.1488702359042535E+00 a      1193     1    15     2    18
  1.0988577382154565E+00 a      1194     1    15     2    19
  6.0587340711071969E-01 a      1195     1    15     2    20
 -1.2223641765960245E+00 a      1196     1    15     2    21
 -2.0549027565044845E-01 a      1197     1    15     2    22
  9.5084440577533569E-01 a      1198     1    15     2    23
  3.7809605937679752E-01 a      1199     1    15     2    24
  1.1918778052723054E+00 a      1200     1    15     2    25
  6.1632036078492913E-01 a      1201     1    16     2     1
  2.4704211597161937E-01 a      1202     1    16     2     2
 -1.0166474246933170E+00 a      1203     1    16     2     3
  5.2127817135134646E-01 a      1204     1    16     2     4
  4.2367115157552948E-01 a      1205     1    16     2     5
 -8.9079665990892065E-02 a      1206     1    16     2     6
  1.5467243711995043E-01 a      1207     1    16     2     7
 -4.5057157403137227E-01 a      1208     1    16     2     8
 -2.1408048279381267E-01 a      1209     1    16     2     9
  1.4429867141644281E-01 a      1210     1    16     2    10
  1.0704939011263388E+00 a      1211     1    16     2    11
 -1.2075219572326562E-01 a      1212     1    16     2    12
  1.7766510959547128E+00 a      1213     1    16     2    13
 -2.0734108654833677E-01 a      1214     1    16     2    14
  5.2640949555109051E-01 a      1215     1    16     2    15
 -1.1087919245527193E-01 a      1216     1    16     2    16
 -6.2464528192908042E-01 a      1217     1    16     2    17
 -8.3491546377782264E-02 a      1218     1    16     2    18
  3.4934952170554079E-01 a      1219     1    16     2    19
  1.3109803010519289E-01 a      1220     1    16     2    20
  8.1829274143058273E-01 a      1221     1    16     2    21
  1.7267281382708066E-01 a      1222     1    16     2    22
 -8.3813057580344108E-01 a      1223     1    16     2    23
 -1.0330675192355677E-02 a      1224     1    16     2    24
  2.8007130588288551E+00 a      1225     1    16     2    25
  3.0444348688439093E-01 a      1226     1    17     2     1
 -3.1800299389724668E-01 a      1227     1    17     2     2
  3.9685759901620238E-01 a      1228     1    17     2     3
 -1.0142057233255532E-01 a      1229     1    17     2     4
 -1.0237036166469302E-01 a      1230     1    17     2     5
  2.1246529293837202E-01 a      1231     1    17     2     6
  6.3649543260435384E-02 a      1232     1    17     2     7
 -4.0660793419939889E-02 a      1233     1    17     2     8
  9.3470072094706769E-01 a      1234     1    17     2     9
 -1.5504693335585860E+00 a      1235     1    17     2    10
 -3.1445862999563839E-01 a      1236     1    17     2    11
 -2.5069793017541087E-01 a      1237     1    17     2    12
 -1.8120191430021024E-01 a      1238     1    17     2    13
  1.4188551757697221E-01 a      1239     1    17     2    14
  4.2213454143491708E-01 a      1240     1    17     2    15
  6.3299502497721416E-01 a      1241     1    17     2    16
  3.5230322443908224E-01 a      1242     1    17     2    17
 -1.9303548983799429E-01 a      1243     1    17     2    18
  2.1544481207203406E-01 a      1244     1    17     2    19
 -6.5516417954382045E-01 a      1245     1    17     2    20
 -2.2405836645446001E-01 a      1246     1    17     2    21
 -7.2728172068647956E-01 a      1247     1    17     2    22
 -6.1763645777205695E-02 a      1248     1    17     2    23
 -8.2767977859638753E-01 a      1249     1    17     2    24
  2.9017513390655242E-01 a      1250     1    17     2    25
  1.2557298280057834E+00 a      1251     1    18     2     1
  2.3425313885005086E-02 a      1252     1    18     2     2
 -1.0693265083034851E+00 a      1253     1    18     2     3
  4.0526090684994254E-01 a      1254     1    18     2     4
 -8.9227570711445103E-01 a      1255     1    18     2     5
  2.0788695494688314E+00 a      1256     1    18     2     6
 -2.0319762015987372E-01 a      1257     1    18     2     7
 -8.4074495334964061E-01 a      1258     1    18     2     8
  4.9003091271350269E-01 a      1259     1    18     2     9
  1.4203772303282715E-02 a      1260     1    18     2    10
 -3.2731062062147237E-01 a      1261     1    18     2    11
  4.8870249705954633E-01 a      1262     1    18     2    12
 -1.1664773955561649E+00 a      1263     1    18     2    13
 -1.4822275914913297E+00 a      1264     1    18     2    14
  3.1539161306543761E-01 a      1265     1    18     2    15
 -1.0159574091131569E+00 a      1266     1    18     2    16
  2.6741948956149236E-01 a      1267     1    18     2    17
  3.6161797982829524E-01 a      1268     1    18     2    18
 -8.8086262569593365E-01 a      1269     1    18     2    19
 -1.1028025592865016E-01 a      1270     1    18     2    20
 -4.3149626807471386E-01 a      1271     1    18     2    21
  1.8908977795864929E-01 a      1272     1    18     2    22
 -1.1735802484854485E+00 a      1273     1    18     2    23
  4.5527865562019337E-01 a      1274     1    18     2    24
 -3.3048691562309850E-02 a      1275     1    18     2    25
 -1.6345422019029698E+00 a      1276     1    19     2     1
 -8.2887085929045301E-01 a      1277     1    19     2     2
 -3.0823320258776860E-01 a      1278     1    19     2     3
  7.6753311575326311E-01 a      1279     1    19     2     4
 -6.0351834380801980E-02 a      1280     1    19     2     5
 -6.2801503151235583E-01 a      1281     1    19     2     6
 -9.3502223849488156E-02 a      1282     1    19     2     7
  3.3382514752663139E-01 a      1283     1    19     2     8
  1.2461194675076575E+00 a      1284     1    19     2     9
  2.0885829057907848E-01 a      1285     1    19     2    10
 -5.5310608202608658E-01 a      1286     1    19     2    11
 -4.5323666081774983E-01 a      1287     1    19     2    12
  2.1511691223530973E+00 a      1288     1    19     2    13
 -3.1485635795101596E-01 a      1289     1    19     2    14
  6.3204307794935477E-01 a      1290     1    19     2    15
 -1.3941958204464269E+00 a      1291     1    19     2    16
 -2.1357020705738330E-01 a      1292     1    19     2    17
 -5.3710492969089696E-01 a      1293     1    19     2    18
  1.0751819879941565E-01 a      1294     1    19     2    19
 -4.5137075137601401E-01 a      1295     1    19     2    20
 -3.0280220406703767E-01 a      1296     1    19     2    21
  4.8084149940375370E-01 a      1297     1    19     2    22
 -2.4474663832771953E-01 a      1298     1    19     2    23
  4.5189031127752632E-02 a      1299     1    19     2    24
 -1.7316983965464672E-01 a      1300     1    19     2    25
 -8.7627196055797019E-01 a      1301     1    20     2     1
 -1.0530064536919304E+00 a      1302     1    20     2     2
 -5.0842039046289289E-01 a      1303     1    20     2     3
 -6.9621183824987221E-01 a      1304     1    20     2     4
  1.5422335066412349E-01 a      1305     1    20     2     5
 -3.6705360907523854E-01 a      1306     1    20     2     6
  3.1837370906254198E-01 a      1307     1    20     2     7
 -2.7040023005604202E-01 a      1308     1    20     2     8
 -2.7312373754120705E+00 a      1309     1    20     2     9
 -7.9874576056349988E-01 a      1310     1    20     2    10
  2.3457820974366433E-01 a      1311     1    20     2    11
 -4.6371953007451600E-01 a      1312     1    20     2    12
  2.8743740342786709E-03 a      1313     1    20     2    13
  9.9095510596941994E-01 a      1314     1    20     2    14
 -1.4338464929890722E+00 a      1315     1    20     2    15
 -4.0809478024163743E+00 a      1316     1    20     2    16
  2.4081187543231394E-01 a      1317     1    20     2    17
 -2.2654012153041286E-01 a      1318     1    20     2    18
 -2.1427162808907499E-01 a      1319     1    20     2    19
  9.6250859646464570E-01 a      1320     1    20     2    20
 -1.6133261413758491E+00 a      1321     1    20     2    21
 -2.5153821370185020E-01 a      1322     1    20     2    22
 -5.9604047745031163E-01 a      1323     1    20     2    23
  5.4970767981590551E-01 a      1324     1    20     2    24
  9.3498222628348437E-01 a      1325     1    20     2    25
  2.9277115816284889E+00 a      1326     1    21     2     1
  3.2099818179905798E-01 a      1327     1    21     2     2
 -1.2131897617983358E+00 a      1328     1    21     2     3
 -3.3536904276507512E-01 a      1329     1    21     2     4
 -1.1954486499635915E-01 a      1330     1    21     2     5
 -8.5107733344515224E-01 a      1331     1    21     2     6
  3.6569614513328491E-01 a      1332     1    21     2     7
  4.1092666096326330E-01 a      1333     1    21     2     8
  2.4263770775086262E+00 a      1334     1    21     2     9
 -2.7734089343122137E+00 a      1335     1    21     2    10
  7.3496415798354731E-01 a      1336     1    21     2    11
 -9.4992368232139990E-01 a      1337     1    21     2    12
  1.9605722929736474E-02 a      1338     1    21     2    13
 -7.4459722872303805E-02 a      1339     1    21     2    14
  5.7067483952110298E-01 a      1340     1    21     2    15
 -5.6895633503949172E-01 a      1341     1    21     2    16
  1.5748667062335836E-01 a      1342     1    21     2    17
  5.0423709105717540E-01 a      1343     1    21     2    18
  4.0650888405005370E-01 a      1344     1    21     2    19
  1.6038142413246634E+00 a      1345     1    21     2    20
 -2.3578391736380139E-01 a      1346     1    21     2    21
 -1.3719209127909997E+00 a      1347     1    21     2    22
 -9.4055287899289164E-01 a      1348     1    21     2    23
 -8.1527183635745404E-01 a      1349     1    21     2    24
  2.0719863049135778E+00 a      1350     1    21     2    25
 -1.5751495435641441E+00 a      1351     1    22     2     1
  8.1421817802050989E-02 a      1352     1    22     2     2
  2.5915282488505359E-01 a      1353     1    22     2     3
 -1.2678723617336123E-02 a      1354     1    22     2     4
 -1.3143550446640138E+00 a      1355     1    22     2     5
  4.4637801648065323E-01 a      1356     1    22     2     6
 -5.4492195826016054E-01 a      1357     1    22     2     7
  9.2720593143216873E-02 a      1358     1    22     2     8
  5.1502080372583015E-01 a      1359     1    22     2     9
 -1.5332208795017235E+00 a      1360     1    22     2    10
 -7.3532711501525438E-01 a      1361     1    22     2    11
  1.2848528081434019E+00 a      1362     1    22     2    12
 -3.4679369977485508E-01 a      1363     1    22     2    13
 -9.6152521510036293E-01 a      1364     1    22     2    14
  4.8020122268146659E-01 a      1365     1    22     2    15
  6.1574119198969623E-01 a      1366     1    22     2    16
 -5.5480686459265327E-01 a      1367     1    22     2    17
  1.4397744428799450E-01 a      1368     1    22     2    18
 -1.7498720972629829E+00 a      1369     1    22     2    19
  1.8520262507048091E-01 a      1370     1    22     2    20
 -7.6287949375467357E-01 a      1371     1    22     2    21
  2.0306391408606117E-01 a      1372     1    22     2    22
  6.3365074781867325E-01 a      1373     1    22     2    23
  2.7368354970753606E-01 a      1374     1    22     2    24
 -1.4697513311537069E-02 a      1375     1    22     2    25
  1.0405633353792050E+00 a      1376     1    23     2     1
 -2.0621168378377669E-01 a      1377     1    23     2     2
 -8.1331163439343657E-01 a      1378     1    23     2     3
  2.4150508829649076E-01 a      1379     1    23     2     4
  8.8534207163593989E-02 a      1380     1    23     2     5
  9.7802215988242747E-01 a      1381     1    23     2     6
 -4.2935680994188424E-01 a      1382     1    23     2     7
 -3.7595362806510862E-01 a      1383     1    23     2     8
  6.7873912874979936E-01 a      1384     1    23     2     9
 -5.7939156071137499E-01 a      1385     1    23     2    10
  2.7766733035751412E-01 a      1386     1    23     2    11
 -4.2941523397589151E-02 a      1387     1    23     2    12
 -3.3443457781394460E-03 a      1388     1    23     2    13
  2.4842703187590603E-01 a      1389     1    23     2    14
  5.6862128387201050E-01 a      1390     1    23     2    15
  1.6015791132929484E+00 a      1391     1    23     2    16
 -8.6279477653071512E-01 a      1392     1    23     2    17
 -5.3353857280889372E-01 a      1393     1    23     2    18
 -2.4027818905056078E-01 a      1394     1    23     2    19
 -1.2038087823493773E-01 a      1395     1    23     2    20
 -6.3021062172287823E-01 a      1396     1    23     2    21
  2.6747067166213512E-01 a      1397     1    23     2    22
 -1.1364948211657279E-01 a      1398     1    23     2    23
  1.5482723076266591E-01 a      1399     1    23     2    24
  1.8452441030345446E+00 a      1400     1    23     2    25
  1.2608111722760995E-01 a      1401     1    24     2     1
  9.4330813872974195E-01 a      1402     1    24     2     2
 -1.3714487366486210E+00 a      1403     1    24     2     3
 -1.6892491103928156E+00 a      1404     1    24     2     4
  1.3942249174186820E+00 a      1405     1    24     2     5
  1.9912808034164875E+00 a      1406     1    24     2     6
 -2.8273257847731442E-01 a      1407     1    24     2     7
  7.8363957682938890E-01 a      1408     1    24     2     8
  3.4331609121311424E-01 a      1409     1    24     2     9
 -1.5636994258423511E+00 a      1410     1    24     2    10
 -2.6524560380201001E-01 a      1411     1    24     2    11
  4.4012412973709547E-01 a      1412     1    24     2    12
 -6.5008710492378663E-01 a      1413     1    24     2    13
  1.2957532777928302E-01 a      1414     1    24     2    14
 -1.6879182474516090E+00 a      1415     1    24     2    15
 -2.4641254538957280E-01 a      1416     1    24     2    16
  6.0392791889622545E-03 a      1417     1    24     2    17
  7.1093072263303447E-01 a      1418     1    24     2    18
  4.9109671954379086E-01 a      1419     1    24     2    19
 -1.0395277850258002E+00 a      1420     1    24     2    20
 -6.7984259281168158E-01 a      1421     1    24     2    21
 -3.8596302358865986E-01 a      1422     1    24     2    22
  9.8483214356027212E-04 a      1423     1    24     2    23
  8.8260267335336196E-01 a      1424     1    24     2    24
  4.8399694697329881E-01 a      1425     1    24     2    25
 -9.4526138846004093E-01 a      1426     1    25     2     1
  1.9772824096932096E-01 a      1427     1    25     2     2
  2.7392764921064533E-01 a      1428     1    25     2     3
  1.0261470544455435E+00 a      1429     1    25     2     4
 -7.5729561472397426E-03 a      1430     1    25     2     5
 -3.6066255386148066E-01 a      1431     1    25     2     6
 -4.2182360156026222E-01 a      1432     1    25     2     7
  3.3953902271740372E-01 a      1433     1    25     2     8
  7.5292474199313275E-01 a      1434     1    25     2     9
 -6.9782187142833019E-01 a      1435     1    25     2    10
 -1.8772117843545080E-01 a      1436     1    25     2    11
  4.4702524054149217E-01 a      1437     1    25     2    12
  1.0362120784696564E-01 a      1438     1    25     2    13
  2.6892875522851711E-01 a      1439     1    25     2    14
  7.1495384179709442E-01 a      1440     1    25     2    15
  1.8864717012633903E+00 a      1441     1    25     2    16
 -8.7494310030810818E-01 a      1442     1    25     2    17
 -1.6972764196734466E-01 a      1443     1    25     2    18
 -2.0981338821793935E-01 a      1444     1    25     2    19
  5.0704393721428065E-01 a      1445     1    25     2    20
  7.7403693931407891E-01 a      1446     1    25     2    21
  7.2870369184805772E-01 a      1447     1    25     2    22
  1.3369926547492548E+00 a      1448     1    25     2    23
 -7.5238443264583721E-01 a      1449     1    25     2    24
  4.1567614277991057E-02 a      1450     1    25     2    25
  6.4131527186525739E-01 b      1451     2     1
 -6.7085920710845759E-01 b      1452     2     2
 -1.7387659810147091E-01 b      1453     2     3
 -1.8245732744960425E-01 b      1454     2     4
 -2.1610625422360041E-02 b      1455     2     5
  6.5688696290453918E-01 b      1456     2     6
 -3.3398723874121966E-01 b      1457     2     7
  5.4038310778751186E-01 b      1458     2     8
 -3.2631961944400580E+00 b      1459     2     9
  2.8091480185820297E+00 b      1460     2    10
  1.7581178653125026E-01 b      1461     2    11
 -1.9907641942811935E-01 b      1462     2    12
 -3.0567227007185788E-01 b      1463     2    13
  7.0427468306255236E-01 b      1464     2    14
 -4.9231959558374372E-01 b      1465     2    15
 -2.9577047825178111E+00 b      1466     2    16
  1.1627263035432475E-01 b      1467     2    17
 -7.6544691071954873E-01 b      1468     2    18
  1.5240734633700060E-02 b      1469     2    19
 -3.4471299659341897E-01 b      1470     2    20
  3.0198139337196572E-01 b      1471     2    21
 -1.7369907450254379E-01 b      1472     2    22
 -9.4046072062547692E-01 b      1473     2    23
  1.6748752696611469E-02 b      1474     2    24
  8.3641355867323131E-01 b      1475     2    25
  1.3974020035245974E-01 a      1476     2     1     3     1
  6.0062845257879904E-01 a      1477     2     2     3     1
  1.3681738674171027E+00 a      1478     2     3     3     1
  7.8034010790448649E-01 a      1479     2     4     3     1
  5.6178804428269757E-01 a      1480     2     5     3     1
  1.6260303338906743E-01 a      1481     2     6     3     1
  1.1459992331674633E+00 a      1482     2     7     3     1
 -8.1798763085411086E-01 a      1483     2     8     3     1
  4.1521893510913128E-02 a      1484     2     9     3     1
  1.8908221071124579E-01 a      1485     2    10     3     1
  6.3353780075927268E-01 a      1486     2    11     3     1
  8.1958590636970530E-01 a      1487     2    12     3     1
  3.9267574122146753E-01 a      1488     2    13     3     1
 -1.2928014275480813E+00 a      1489     2    14     3     1
 -2.4796231342737346E-01 a      1490     2    15     3     1
 -1.1052848442966463E-01 a      1491     2    16     3     1
  1.1847015258505913E+00 a      1492     2    17     3     1
  1.1426354864841526E+00 a      1493     2    18     3     1
  1.8079190950688346E+00 a      1494     2    19     3     1
 -2.7792020684424745E-01 a      1495     2    20     3     1
 -3.9276515126918493E-01 a      1496     2    21     3     1
 -1.1386566505637279E+00 a      1497     2    22     3     1
  3.6971034747250453E-01 a      1498     2    23     3     1
  7.4679274458050970E-01 a      1499     2    24     3     1
  7.1264408886117916E-02 a      1500     2    25     3     1
  7.5965572313007368E-01 b      1501     3     1
